structure(list(params = structure(list(n_iters = 300, n_max_iters = 10, 
    optimize_hyperparameters = TRUE, n_hyper_iters = 20, n_burn_in = 50, 
    symmetric_alpha = FALSE, threads = 4L, seed = 1066, initial_alpha_sum = 5, 
    initial_beta = 0.01, final_ll = -100927569.045537), .Names = c("n_iters", 
"n_max_iters", "optimize_hyperparameters", "n_hyper_iters", "n_burn_in", 
"symmetric_alpha", "threads", "seed", "initial_alpha_sum", "initial_beta", 
"final_ll")), hyper = structure(list(alpha = c(0.0437553601503782, 
0.0656206629511284, 0.210980724474855, 0.047285587358217, 0.0489937282839636, 
0.145278496680532, 0.113136591560652, 0.0550833436297234, 0.0569513558549014, 
0.0330444025208117, 0.0565125609830162, 0.0940532776690513, 0.0396945427190014, 
0.0807471574853154, 0.038103618710998, 0.0707470884937596, 0.0841148394802756, 
0.120488271689725, 0.0828522123640892, 0.0527153328500218, 0.0360606718219379, 
0.05757045751607, 0.0446049394027229, 0.0262219262081365, 0.0459644211145049, 
0.0690793752779965, 0.0794547239389626, 0.12299780987605, 0.254645526856995, 
0.420905252115949, 0.0806494309625863, 0.038088795916503, 0.0593836778244403, 
0.0301974989091682, 0.0448267743967901, 0.0699818593020895, 0.0211506327842861, 
0.0306136229600454, 0.0456788973868045, 0.0443985099605139), 
    beta = 0.0729889788174554), .Names = c("alpha", "beta"))), .Names = c("params", 
"hyper"))
