structure(list(params = structure(list(n_iters = 300, n_max_iters = 10, 
    optimize_hyperparameters = TRUE, n_hyper_iters = 20, n_burn_in = 50, 
    symmetric_alpha = FALSE, threads = 4L, seed = 1066, initial_alpha_sum = 5, 
    initial_beta = 0.01, final_ll = -30675439.3463305), .Names = c("n_iters", 
"n_max_iters", "optimize_hyperparameters", "n_hyper_iters", "n_burn_in", 
"symmetric_alpha", "threads", "seed", "initial_alpha_sum", "initial_beta", 
"final_ll")), hyper = structure(list(alpha = c(0.112142476411151, 
0.13446512454089, 0.129779040706549, 0.0354876559123748, 0.0676870467381658, 
0.0436529771222025, 0.0511971938728616, 0.0455599911089053, 0.0921160629681204, 
0.09340791984898, 0.0719835748976556, 0.364555920809112, 0.0664490119857106, 
0.08004499063518, 0.0692008526054521, 0.040463387446204, 0.106526108715551, 
0.0733897370238438, 0.0993863349251626, 0.100660294816326, 0.391911680468666, 
0.0584845322356747, 0.0675664309253397, 0.0188770845507184, 0.0535035732251864, 
0.0620281090255859, 0.0113303485803613, 0.06999010034815, 0.0350854327357537, 
0.0125464949687113, 0.0491307429290422, 0.0990718674863671, 0.65962503011555, 
0.0557942064711919, 0.0281956525127349, 0.0422305103164637, 0.0688931558529625, 
0.255137827257335, 0.0388620029733778, 0.0973437101445139), beta = 0.0648461176074839), .Names = c("alpha", 
"beta"))), .Names = c("params", "hyper"))
